64
7.57875 6.71875
7.501875 6.7109375
9.9378125 4.3028125
12.7690625 4.4315625
11.943125 1.3559375
14.174375 0.0
14.981875 0.976875
13.3753125 2.0612500000000002
14.245000000000001 5.4315625
9.951875 5.26875
8.1609375 7.11125
12.245625 7.9703125
14.5878125 6.6365625
16.85875 7.7421875
18.4459375 5.96125
19.439062500000002 6.84
16.7315625 9.3390625
14.573125000000001 7.6525
12.1196875 9.22
7.7959375 7.993125
7.9878125 10.6496875
10.2734375 10.715625000000001
10.321875 12.9125
12.475625 13.0446875
11.645 15.1065625
10.429375 14.87875
11.209375 14.030000000000001
9.2496875 13.801562500000001
9.3215625 11.6446875
6.6471875 11.501875
6.725937500000001 7.7540625
4.3034375 9.5775
4.6840625000000005 11.47125
2.22625 12.8690625
3.695625 14.335
2.0725000000000002 14.9921875
1.5034375 14.313437500000001
2.3375 13.963125
1.03875 12.46625
3.7765625000000003 10.73
3.0796875 9.2740625
6.1440625 7.1578125
3.2653125000000003 4.9178125
0.9656250000000001 6.64375
0.0 3.63125
1.7806250000000001 3.1506250000000002
1.1940625 1.43875
2.63 1.0884375
3.206875 3.6459375
1.1003125 4.2421875
1.61625 5.0978125
3.8112500000000002 3.8040625
6.881875 6.7078125
6.13375 4.35625
7.3671875 4.0796875
6.559375 2.044375
5.2134375 2.4409375
4.3481250000000005 0.5528125
5.6765625 0.305625
6.0390625 1.483125
7.758125000000001 0.9290625
8.809375000000001 4.4875
7.2165625 5.0103125
7.57875 6.71875
